Benchmark;Options;Tiles in Config;Tiles Assigned;Cycles per Steady;Thruput per 10^5;MFLOPS;instr issued;FPU;MEM;Branch;Admin;ALU;max instr issued
ChannelVocoder;"-raw22-N10-u0-a-M";--------------------------
ChannelVocoder;"-raw24-N10-u0-a-M";8;8;105772;4;158;4610360;672581;767053;417324;250;2753152;8461800
ChannelVocoder;"-raw34-N10-u0-a-M";12;12;110369;4;153;4646249;679655;767419;420791;250;2778134;13244304
ChannelVocoder;"-raw44-N10-u0-a-M";16;16;110359;4;153;4653118;679573;767326;422694;250;2783275;17657440
LinkedFFT2;"-raw22-N10-u0-a-M";4;4;60979;420;24;1279566;58880;142578;173491;12800;891817;2439172
LinkedFFT2;"-raw24-N10-u0-a-M";8;8;28723;892;117;1685216;134494;283378;167958;12800;1086586;2297840
LinkedFFT2;"-raw34-N10-u0-a-M";12;12;28723;892;165;2204610;190575;368259;249229;12800;1383747;3446760
LinkedFFT2;"-raw44-N10-u0-a-M";16;16;15360;1666;252;1972392;155296;345347;251731;12800;1207218;2457632
LinkedFMTest;"-raw22-N10-u0-a-M";--------------------------
LinkedFMTest;"-raw24-N10-u0-a-M";8;6;6192;16;80;231260;19957;31703;14454;50;165096;495384
LinkedFMTest;"-raw34-N10-u0-a-M";12;10;2927;34;143;177835;16860;23124;10959;50;126842;351252
LinkedFMTest;"-raw44-N10-u0-a-M";16;16;977;102;419;109269;16409;18440;9431;50;64939;156416
MergeSort;"-raw22-N10-u0-a-M";4;4;29500;217;0;612530;0;83068;86722;3200;439540;1180000
Benchmark;Options;Tiles in Config;Tiles Assigned;Cycles per Steady;Thruput per 10^5;MFLOPS;instr issued;FPU;MEM;Branch;Admin;ALU;max instr issued
ChannelVocoder;"-raw22-N10-u0-a";--------------------------
ChannelVocoder;"-raw24-N10-u0-a";8;8;179421;2;94;4674274;679919;777817;423999;250;2792289;14353728
ChannelVocoder;"-raw34-N10-u0-a";12;12;173594;2;97;4647756;679863;767685;420895;250;2779063;20831328
ChannelVocoder;"-raw44-N10-u0-a";16;16;159442;3;106;4655761;679919;767760;422921;250;2784911;25510848
LinkedFFT2;"-raw22-N10-u0-a";4;4;60979;420;24;682373;58880;142578;54999;12800;413116;2439172
LinkedFFT2;"-raw24-N10-u0-a";8;8;30753;833;47;682810;58880;134240;56220;12800;420670;2460240
LinkedFFT2;"-raw34-N10-u0-a";12;12;30646;840;48;661520;58880;126660;61120;12800;402060;3677520
LinkedFFT2;"-raw44-N10-u0-a";16;16;21155;1219;69;657520;58880;125380;66140;12800;394320;3384800
LinkedFMTest;"-raw22-N10-u0-a";--------------------------
LinkedFMTest;"-raw24-N10-u0-a";8;6;6192;16;69;196340;17140;26023;11728;50;141399;495384
LinkedFMTest;"-raw34-N10-u0-a";12;10;2927;34;139;174343;16312;22579;10680;50;124722;351336
LinkedFMTest;"-raw44-N10-u0-a";16;16;1118;89;352;103924;15756;17074;8758;50;62286;178992
MergeSort;"-raw22-N10-u0-a";4;4;29500;217;0;320931;0;83069;28402;3200;206260;1180000
Benchmark;Options;Tiles in Config;Tiles Assigned;Cycles per Steady;Thruput per 10^5;MFLOPS;instr issued;FPU;MEM;Branch;Admin;ALU;max instr issued
ChannelVocoder;"-raw22-N10-u0-y-M";--------------------------
ChannelVocoder;"-raw24-N10-u0-y-M";
ChannelVocoder;"-raw34-N10-u0-y-M";12;12;110368;4;153;4703845;679575;775448;426668;250;2821904;13244256
ChannelVocoder;"-raw44-N10-u0-y-M";16;15;75617;6;348;7058760;1054367;1131309;592651;250;4280183;12098752
LinkedFFT2;"-raw22-N10-u0-y-M";4;4;38428;666;37;1333174;57333;307521;109747;12800;845773;1537152
LinkedFFT2;"-raw24-N10-u0-y-M";8;8;26430;970;54;880979;57187;169095;76413;12800;565484;2114456
LinkedFFT2;"-raw34-N10-u0-y-M";12;12;17496;1470;80;1006556;56592;192747;95642;12800;648775;2099568
LinkedFFT2;"-raw44-N10-u0-y-M";16;16;18268;1408;80;864136;58880;152302;88021;12800;552133;2922928
LinkedFMTest;"-raw22-N10-u0-y-M";4;4;17795;5;41;285362;29494;51780;23680;50;180358;711828
LinkedFMTest;"-raw24-N10-u0-y-M";8;8;17798;5;41;287909;29501;50139;24326;50;183893;1423888
LinkedFMTest;"-raw34-N10-u0-y-M";12;12;2810;35;206;209958;23187;31279;13806;50;141636;337212
LinkedFMTest;"-raw44-N10-u0-y-M";16;16;1548;64;417;176852;25846;31767;14631;50;104558;247680
MergeSort;"-raw22-N10-u0-y-M";4;4;52956;120;0;1096749;0;188658;137947;3200;766944;2118252
Benchmark;Options;Tiles in Config;Tiles Assigned;Cycles per Steady;Thruput per 10^5;MFLOPS;instr issued;FPU;MEM;Branch;Admin;ALU;max instr issued
BitonicSortRecursive;"-raw22-N10-u0-y";4;4;24092;132;0;632399;0;195469;26962;1600;408368;963716
FIRfine;"-raw22-N10-u0-y";4;4;5658;106;67;206025;15316;79184;9355;300;101870;226320
FIRfine;"-raw24-N10-u0-y";8;8;2878;208;133;193904;15399;66938;9442;300;101825;230240
FIRfine;"-raw34-N10-u0-y";12;12;1791;335;213;179654;15261;54501;9393;300;100199;214920
FIRfine;"-raw44-N10-u0-y";16;16;1447;414;263;172144;15251;46866;9430;300;100297;231520
SerializedBeamFormer;"-raw22-N10-u0-y";4;4;37501;10;135;943054;203590;157480;85834;200;495950;1500048
SerializedBeamFormer;"-raw24-N10-u0-y";8;8;15504;25;324;906243;201145;149367;85498;200;470033;1240328
SerializedBeamFormer;"-raw34-N10-u0-y";12;12;11234;35;445;911602;200373;147292;86021;200;477716;1348104
SerializedBeamFormer;"-raw44-N10-u0-y";16;16;25208;15;197;884070;199375;145781;82876;200;455838;4033344
